20
-1 74 153 30 159 -1 162 179 142 108 35 191 -1 -1 -1 190 4 31 116 111
74 -1 -1 153 156 -1 14 -1 178 24 136 164 72 -1 129 65 98 177 94 57 
153 -1 -1 180 185 198 17 148 173 50 78 -1 -1 94 -1 -1 39 11 -1 86 
30 153 180 -1 192 194 -1 99 85 -1 127 -1 -1 -1 52 -1 77 -1 66 175 
159 156 185 192 -1 162 117 75 58 141 18 86 -1 16 -1 -1 10 14 185 45 
-1 -1 198 194 162 -1 44 65 -1 -1 157 49 -1 160 23 -1 118 107 23 -1 
162 14 17 -1 117 44 -1 39 -1 159 101 46 124 129 46 53 -1 157 -1 -1 
179 -1 148 99 75 65 39 -1 5 27 178 71 91 24 182 61 164 183 55 -1 
142 178 173 85 58 -1 -1 5 -1 77 46 19 95 171 126 26 43 2 185 -1 
108 24 50 -1 141 -1 159 27 77 -1 53 19 169 28 138 -1 101 51 81 -1 
35 136 78 127 18 157 101 178 46 53 -1 63 18 -1 78 152 102 -1 107 177 
191 164 -1 -1 86 49 46 71 19 19 63 -1 -1 -1 97 -1 46 113 -1 147 
-1 72 -1 -1 -1 -1 124 91 95 169 18 -1 -1 24 55 37 113 138 34 134 
-1 -1 94 -1 16 160 129 24 171 28 -1 -1 24 -1 -1 124 20 92 181 -1 
-1 129 -1 52 -1 23 46 182 126 138 78 97 55 -1 -1 171 92 12 80 93 
190 65 -1 -1 -1 -1 53 61 26 -1 152 -1 37 124 171 -1 131 133 115 137 
4 98 39 77 10 118 -1 164 43 101 102 46 113 20 92 131 -1 193 103 117 
31 177 11 -1 14 107 157 183 2 51 -1 113 138 92 12 133 193 -1 -1 -1 
116 94 -1 66 185 23 -1 55 185 81 107 -1 34 181 80 115 103 -1 -1 183 
111 57 86 175 45 -1 -1 -1 -1 -1 177 147 134 -1 93 137 117 -1 183 -1 
