25
-1 -1 29 27 29 36 21 39 86 73 15 92 26 26 -1 30 29 -1 35 -1 35 11 -1 91 -1
-1 -1 -1 56 27 28 81 67 58 -1 37 99 -1 70 -1 -1 24 86 -1 2 -1 42 73 73 -1
29 -1 -1 -1 57 64 50 -1 65 45 8 5 25 48 97 95 -1 67 86 78 30 -1 -1 27 -1
27 56 -1 -1 -1 -1 78 70 56 -1 39 42 -1 89 86 1 60 80 41 -1 -1 2 34 12 68
29 27 57 -1 -1 -1 -1 82 16 15 -1 68 -1 33 71 83 24 -1 66 83 17 29 53 65 -1
36 28 64 -1 -1 -1 -1 55 45 36 49 -1 81 2 -1 -1 -1 88 23 -1 51 91 -1 53 50
21 81 50 78 -1 -1 -1 29 5 95 93 11 28 -1 -1 4 -1 -1 7 -1 -1 40 11 51 -1
39 67 -1 70 82 55 29 -1 88 -1 99 4 25 96 83 -1 61 17 -1 59 -1 7 18 19 26
86 58 65 56 16 45 5 88 -1 36 -1 -1 -1 22 -1 24 -1 -1 -1 68 43 -1 30 28 -1
73 -1 45 -1 15 36 95 -1 36 -1 36 69 -1 50 63 -1 -1 81 -1 30 47 96 14 94 95
15 37 8 39 -1 49 93 99 -1 36 -1 42 72 -1 9 72 40 87 -1 10 4 84 99 77 58
92 99 5 42 68 -1 11 4 -1 69 42 -1 58 85 13 81 72 26 84 -1 50 -1 68 -1 55
26 -1 25 -1 -1 81 28 25 -1 -1 72 58 -1 -1 5 90 36 42 67 18 -1 13 76 28 69
26 70 48 89 33 2 -1 96 22 50 -1 85 -1 -1 89 48 90 67 -1 33 59 46 21 13 6
-1 -1 97 86 71 -1 -1 83 -1 63 9 13 5 89 -1 2 71 48 97 60 92 25 33 96 -1
30 -1 95 1 83 -1 4 -1 24 -1 72 81 90 48 2 -1 29 64 97 -1 2 29 -1 51 -1
29 24 -1 60 24 -1 -1 61 -1 -1 40 72 36 90 71 29 -1 17 -1 32 91 -1 89 25 -1
-1 86 67 80 -1 88 -1 17 -1 81 87 26 42 67 48 64 17 -1 -1 -1 -1 80 57 34 94
35 -1 86 41 66 23 7 -1 -1 -1 -1 84 67 -1 97 97 -1 -1 -1 -1 27 69 88 -1 4
-1 2 78 -1 83 -1 -1 59 68 30 10 -1 18 33 60 -1 32 -1 -1 -1 -1 58 38 -1 77
35 -1 30 -1 17 51 -1 -1 43 47 4 50 -1 59 92 2 91 -1 27 -1 -1 59 39 91 -1
11 42 -1 2 29 91 40 7 -1 96 84 -1 13 46 25 29 -1 80 69 58 59 -1 83 16 25
-1 73 -1 34 53 -1 11 18 30 14 99 68 76 21 33 -1 89 57 88 38 39 83 -1 74 -1
91 73 27 12 65 53 51 19 28 94 77 -1 28 13 96 51 25 34 -1 -1 91 16 74 -1 -1
-1 -1 -1 68 -1 50 -1 26 -1 95 58 55 69 6 -1 -1 -1 94 4 77 -1 25 -1 -1 -1